14
3 3
4 5 4
3 1 5
5 4 1
4 4
5 3 4 5
6 2 1 4
3 1 1 4
8 5 4 3
4 3
2 2 2
2 1 2
2 1 2
2 1 2
7 7
2 2 2 2 2 2 2
2 1 1 1 1 1 2
2 1 3 3 3 1 2
2 1 3 1 3 1 2
2 1 3 3 3 1 2
2 1 1 1 1 1 2
2 2 2 2 2 2 2
3 7
5 5 5 5 5 5 5
5 1 1 3 1 1 5
5 5 5 5 4 5 5
3 7
5 5 5 5 5 5 5
5 1 1 4 1 1 5
5 5 5 5 3 5 5
3 7
5 5 5 5 5 5 5
5 3 3 4 3 3 5
5 5 5 5 2 5 5
50 50
5 5 5 5 5 5 5 0 5 5 5 5 5 5 5 0 5 5 5 5 5 5 5 0 5 5 5 5 5 5 5 0 5 5 5 5 5 5 5 0 5 5 5 5 5 5 5 0 0 0
5 3 3 3 3 3 5 0 5 3 3 3 3 3 5 0 5 3 3 3 3 3 5 0 5 3 3 3 3 3 5 0 5 3 3 3 3 3 5 0 5 3 3 3 3 3 5 0 0 0
5 3 5 5 5 3 5 0 5 3 5 5 5 3 5 0 5 3 5 5 5 3 5 0 5 3 5 5 5 3 5 0 5 3 5 5 5 3 5 0 5 3 5 5 5 3 5 0 0 0
5 3 5 0 5 3 5 0 5 3 5 0 5 3 5 0 5 3 5 0 5 3 5 0 5 3 5 0 5 3 5 0 5 3 5 0 5 3 5 0 5 3 5 0 5 3 5 0 0 0
5 3 5 0 5 3 5 0 5 3 5 0 5 3 5 0 5 3 5 0 5 3 5 0 5 3 5 0 5 3 5 0 5 3 5 0 5 3 5 0 5 3 5 0 5 3 5 0 0 0
5 3 5 0 5 3 5 0 5 3 5 0 5 3 5 0 5 3 5 0 5 3 5 0 5 3 5 0 5 3 5 0 5 3 5 0 5 3 5 0 5 3 5 0 5 3 5 0 0 0
5 3 5 0 5 3 5 0 5 3 5 0 5 3 5 0 5 3 5 0 5 3 5 0 5 3 5 0 5 3 5 0 5 3 5 0 5 3 5 0 5 3 5 0 5 3 5 0 0 0
5 3 5 0 5 3 5 0 5 3 5 0 5 3 5 0 5 3 5 0 5 3 5 0 5 3 5 0 5 3 5 0 5 3 5 0 5 3 5 0 5 3 5 0 5 3 5 0 0 0
5 3 5 0 5 3 5 0 5 3 5 0 5 3 5 0 5 3 5 0 5 3 5 0 5 3 5 0 5 3 5 0 5 3 5 0 5 3 5 0 5 3 5 0 5 3 5 0 0 0
5 3 5 0 5 3 5 0 5 3 5 0 5 3 5 0 5 3 5 0 5 3 5 0 5 3 5 0 5 3 5 0 5 3 5 0 5 3 5 0 5 3 5 0 5 3 5 0 0 0
5 3 5 0 5 3 5 0 5 3 5 0 5 3 5 0 5 3 5 0 5 3 5 0 5 3 5 0 5 3 5 0 5 3 5 0 5 3 5 0 5 3 5 0 5 3 5 0 0 0
5 3 5 0 5 3 5 0 5 3 5 0 5 3 5 0 5 3 5 0 5 3 5 0 5 3 5 0 5 3 5 0 5 3 5 0 5 3 5 0 5 3 5 0 5 3 5 0 0 0
5 3 5 0 5 3 5 0 5 3 5 0 5 3 5 0 5 3 5 0 5 3 5 0 5 3 5 0 5 3 5 0 5 3 5 0 5 3 5 0 5 3 5 0 5 3 5 0 0 0
5 3 5 0 5 3 5 0 5 3 5 0 5 3 5 0 5 3 5 0 5 3 5 0 5 3 5 0 5 3 5 0 5 3 5 0 5 3 5 0 5 3 5 0 5 3 5 0 0 0
5 3 5 0 5 3 5 0 5 3 5 0 5 3 5 0 5 3 5 0 5 3 5 0 5 3 5 0 5 3 5 0 5 3 5 0 5 3 5 0 5 3 5 0 5 3 5 0 0 0
5 3 5 0 5 3 5 0 5 3 5 0 5 3 5 0 5 3 5 0 5 3 5 0 5 3 5 0 5 3 5 0 5 3 5 0 5 3 5 0 5 3 5 0 5 3 5 0 0 0
5 3 5 0 5 3 5 0 5 3 5 0 5 3 5 0 5 3 5 0 5 3 5 0 5 3 5 0 5 3 5 0 5 3 5 0 5 3 5 0 5 3 5 0 5 3 5 0 0 0
5 3 5 0 5 3 5 0 5 3 5 0 5 3 5 0 5 3 5 0 5 3 5 0 5 3 5 0 5 3 5 0 5 3 5 0 5 3 5 0 5 3 5 0 5 3 5 0 0 0
5 3 5 0 5 3 5 0 5 3 5 0 5 3 5 0 5 3 5 0 5 3 5 0 5 3 5 0 5 3 5 0 5 3 5 0 5 3 5 0 5 3 5 0 5 3 5 0 0 0
5 3 5 0 5 3 5 0 5 3 5 0 5 3 5 0 5 3 5 0 5 3 5 0 5 3 5 0 5 3 5 0 5 3 5 0 5 3 5 0 5 3 5 0 5 3 5 0 0 0
5 3 5 0 5 3 5 0 5 3 5 0 5 3 5 0 5 3 5 0 5 3 5 0 5 3 5 0 5 3 5 0 5 3 5 0 5 3 5 0 5 3 5 0 5 3 5 0 0 0
5 3 5 0 5 3 5 0 5 3 5 0 5 3 5 0 5 3 5 0 5 3 5 0 5 3 5 0 5 3 5 0 5 3 5 0 5 3 5 0 5 3 5 0 5 3 5 0 0 0
5 3 5 0 5 3 5 0 5 3 5 0 5 3 5 0 5 3 5 0 5 3 5 0 5 3 5 0 5 3 5 0 5 3 5 0 5 3 5 0 5 3 5 0 5 3 5 0 0 0
5 3 5 0 5 3 5 0 5 3 5 0 5 3 5 0 5 3 5 0 5 3 5 0 5 3 5 0 5 3 5 0 5 3 5 0 5 3 5 0 5 3 5 0 5 3 5 0 0 0
5 3 5 0 5 3 5 0 5 3 5 0 5 3 5 0 5 3 5 0 5 3 5 0 5 3 5 0 5 3 5 0 5 3 5 0 5 3 5 0 5 3 5 0 5 3 5 0 0 0
5 3 5 0 5 3 5 0 5 3 5 0 5 3 5 0 5 3 5 0 5 3 5 0 5 3 5 0 5 3 5 0 5 3 5 0 5 3 5 0 5 3 5 0 5 3 5 0 0 0
5 3 5 0 5 3 5 0 5 3 5 0 5 3 5 0 5 3 5 0 5 3 5 0 5 3 5 0 5 3 5 0 5 3 5 0 5 3 5 0 5 3 5 0 5 3 5 0 0 0
5 3 5 0 5 3 5 0 5 3 5 0 5 3 5 0 5 3 5 0 5 3 5 0 5 3 5 0 5 3 5 0 5 3 5 0 5 3 5 0 5 3 5 0 5 3 5 0 0 0
5 3 5 0 5 3 5 0 5 3 5 0 5 3 5 0 5 3 5 0 5 3 5 0 5 3 5 0 5 3 5 0 5 3 5 0 5 3 5 0 5 3 5 0 5 3 5 0 0 0
5 3 5 0 5 3 5 0 5 3 5 0 5 3 5 0 5 3 5 0 5 3 5 0 5 3 5 0 5 3 5 0 5 3 5 0 5 3 5 0 5 3 5 0 5 3 5 0 0 0
5 3 5 0 5 3 5 0 5 3 5 0 5 3 5 0 5 3 5 0 5 3 5 0 5 3 5 0 5 3 5 0 5 3 5 0 5 3 5 0 5 3 5 0 5 3 5 0 0 0
5 3 5 0 5 3 5 0 5 3 5 0 5 3 5 0 5 3 5 0 5 3 5 0 5 3 5 0 5 3 5 0 5 3 5 0 5 3 5 0 5 3 5 0 5 3 5 0 0 0
5 3 5 0 5 3 5 0 5 3 5 0 5 3 5 0 5 3 5 0 5 3 5 0 5 3 5 0 5 3 5 0 5 3 5 0 5 3 5 0 5 3 5 0 5 3 5 0 0 0
5 3 5 0 5 3 5 0 5 3 5 0 5 3 5 0 5 3 5 0 5 3 5 0 5 3 5 0 5 3 5 0 5 3 5 0 5 3 5 0 5 3 5 0 5 3 5 0 0 0
5 3 5 0 5 3 5 0 5 3 5 0 5 3 5 0 5 3 5 0 5 3 5 0 5 3 5 0 5 3 5 0 5 3 5 0 5 3 5 0 5 3 5 0 5 3 5 0 0 0
5 3 5 0 5 3 5 0 5 3 5 0 5 3 5 0 5 3 5 0 5 3 5 0 5 3 5 0 5 3 5 0 5 3 5 0 5 3 5 0 5 3 5 0 5 3 5 0 0 0
5 3 5 0 5 3 5 0 5 3 5 0 5 3 5 0 5 3 5 0 5 3 5 0 5 3 5 0 5 3 5 0 5 3 5 0 5 3 5 0 5 3 5 0 5 3 5 0 0 0
5 3 5 0 5 3 5 0 5 3 5 0 5 3 5 0 5 3 5 0 5 3 5 0 5 3 5 0 5 3 5 0 5 3 5 0 5 3 5 0 5 3 5 0 5 3 5 0 0 0
5 3 5 0 5 3 5 0 5 3 5 0 5 3 5 0 5 3 5 0 5 3 5 0 5 3 5 0 5 3 5 0 5 3 5 0 5 3 5 0 5 3 5 0 5 3 5 0 0 0
5 3 5 0 5 3 5 0 5 3 5 0 5 3 5 0 5 3 5 0 5 3 5 0 5 3 5 0 5 3 5 0 5 3 5 0 5 3 5 0 5 3 5 0 5 3 5 0 0 0
5 3 5 0 5 3 5 0 5 3 5 0 5 3 5 0 5 3 5 0 5 3 5 0 5 3 5 0 5 3 5 0 5 3 5 0 5 3 5 0 5 3 5 0 5 3 5 0 0 0
5 3 5 0 5 3 5 0 5 3 5 0 5 3 5 0 5 3 5 0 5 3 5 0 5 3 5 0 5 3 5 0 5 3 5 0 5 3 5 0 5 3 5 0 5 3 5 0 0 0
5 3 5 0 5 3 5 0 5 3 5 0 5 3 5 0 5 3 5 0 5 3 5 0 5 3 5 0 5 3 5 0 5 3 5 0 5 3 5 0 5 3 5 0 5 3 5 0 0 0
5 3 5 0 5 3 5 0 5 3 5 0 5 3 5 0 5 3 5 0 5 3 5 0 5 3 5 0 5 3 5 0 5 3 5 0 5 3 5 0 5 3 5 0 5 3 5 0 0 0
5 3 5 0 5 3 5 0 5 3 5 0 5 3 5 0 5 3 5 0 5 3 5 0 5 3 5 0 5 3 5 0 5 3 5 0 5 3 5 0 5 3 5 0 5 3 5 0 0 0
5 3 5 0 5 3 5 0 5 3 5 0 5 3 5 0 5 3 5 0 5 3 5 0 5 3 5 0 5 3 5 0 5 3 5 0 5 3 5 0 5 3 5 0 5 3 5 0 0 0
5 3 5 0 5 3 5 0 5 3 5 0 5 3 5 0 5 3 5 0 5 3 5 0 5 3 5 0 5 3 5 0 5 3 5 0 5 3 5 0 5 3 5 0 5 3 5 0 0 0
5 3 5 0 5 3 5 5 5 3 5 0 5 3 5 5 5 3 5 0 5 3 5 5 5 3 5 0 5 3 5 5 5 3 5 0 5 3 5 5 5 3 5 0 5 3 5 5 0 0
5 3 5 0 5 3 3 3 3 3 5 0 5 3 3 3 3 3 5 0 5 3 3 3 3 3 5 0 5 3 3 3 3 3 5 0 5 3 3 3 3 3 5 0 5 3 3 3 3 0
5 5 5 0 5 5 5 5 5 5 5 0 5 5 5 5 5 5 5 0 5 5 5 5 5 5 5 0 5 5 5 5 5 5 5 0 5 5 5 5 5 5 5 0 5 5 5 5 0 0
50 50
5 5 5 5 5 5 5 0 5 5 5 5 5 5 5 0 5 5 5 5 5 5 5 0 5 5 5 5 5 5 5 0 5 5 5 5 5 5 5 0 5 5 5 5 5 5 5 0 0 0
5 3 3 3 3 3 5 0 5 3 3 3 3 3 5 0 5 3 3 3 3 3 5 0 5 3 3 3 3 3 5 0 5 3 3 3 3 3 5 0 5 3 3 3 3 3 5 0 0 0
5 3 5 5 5 3 5 0 5 3 5 5 5 3 5 0 5 3 5 5 5 3 5 0 5 3 5 5 5 3 5 0 5 3 5 5 5 3 5 0 5 3 5 5 5 3 5 0 0 0
5 3 5 0 5 3 5 0 5 3 5 0 5 3 5 0 5 3 5 0 5 3 5 0 5 3 5 0 5 3 5 0 5 3 5 0 5 3 5 0 5 3 5 0 5 3 5 0 0 0
5 3 5 0 5 3 5 0 5 3 5 0 5 3 5 0 5 3 5 0 5 3 5 0 5 3 5 0 5 3 5 0 5 3 5 0 5 3 5 0 5 3 5 0 5 3 5 0 0 0
5 3 5 0 5 3 5 0 5 3 5 0 5 3 5 0 5 3 5 0 5 3 5 0 5 3 5 0 5 3 5 0 5 3 5 0 5 3 5 0 5 3 5 0 5 3 5 0 0 0
5 3 5 0 5 3 5 0 5 3 5 0 5 3 5 0 5 3 5 0 5 3 5 0 5 3 5 0 5 3 5 0 5 3 5 0 5 3 5 0 5 3 5 0 5 3 5 0 0 0
5 3 5 0 5 3 5 0 5 3 5 0 5 3 5 0 5 3 5 0 5 3 5 0 5 3 5 0 5 3 5 0 5 3 5 0 5 3 5 0 5 3 5 0 5 3 5 0 0 0
5 3 5 0 5 3 5 0 5 3 5 0 5 3 5 0 5 3 5 0 5 3 5 0 5 3 5 0 5 3 5 0 5 3 5 0 5 3 5 0 5 3 5 0 5 3 5 0 0 0
5 3 5 0 5 3 5 0 5 3 5 0 5 3 5 0 5 3 5 0 5 3 5 0 5 3 5 0 5 3 5 0 5 3 5 0 5 3 5 0 5 3 5 0 5 3 5 0 0 0
5 3 5 0 5 3 5 0 5 3 5 0 5 3 5 0 5 3 5 0 5 3 5 0 5 3 5 0 5 3 5 0 5 3 5 0 5 3 5 0 5 3 5 0 5 3 5 0 0 0
5 3 5 0 5 3 5 0 5 3 5 0 5 3 5 0 5 3 5 0 5 3 5 0 5 3 5 0 5 3 5 0 5 3 5 0 5 3 5 0 5 3 5 0 5 3 5 0 0 0
5 3 5 0 5 3 5 0 5 3 5 0 5 3 5 0 5 3 5 0 5 3 5 0 5 3 5 0 5 3 5 0 5 3 5 0 5 3 5 0 5 3 5 0 5 3 5 0 0 0
5 3 5 0 5 3 5 0 5 3 5 0 5 3 5 0 5 3 5 0 5 3 5 0 5 3 5 0 5 3 5 0 5 3 5 0 5 3 5 0 5 3 5 0 5 3 5 0 0 0
5 3 5 0 5 3 5 0 5 3 5 0 5 3 5 0 5 3 5 0 5 3 5 0 5 3 5 0 5 3 5 0 5 3 5 0 5 3 5 0 5 3 5 0 5 3 5 0 0 0
5 3 5 0 5 3 5 0 5 3 5 0 5 3 5 0 5 3 5 0 5 3 5 0 5 3 5 0 5 3 5 0 5 3 5 0 5 3 5 0 5 3 5 0 5 3 5 0 0 0
5 3 5 0 5 3 5 0 5 3 5 0 5 3 5 0 5 3 5 0 5 3 5 0 5 3 5 0 5 3 5 0 5 3 5 0 5 3 5 0 5 3 5 0 5 3 5 0 0 0
5 3 5 0 5 3 5 0 5 3 5 0 5 3 5 0 5 3 5 0 5 3 5 0 5 3 5 0 5 3 5 0 5 3 5 0 5 3 5 0 5 3 5 0 5 3 5 0 0 0
5 3 5 0 5 3 5 0 5 3 5 0 5 3 5 0 5 3 5 0 5 3 5 0 5 3 5 0 5 3 5 0 5 3 5 0 5 3 5 0 5 3 5 0 5 3 5 0 0 0
5 3 5 0 5 3 5 0 5 3 5 0 5 3 5 0 5 3 5 0 5 3 5 0 5 3 5 0 5 3 5 0 5 3 5 0 5 3 5 0 5 3 5 0 5 3 5 0 0 0
5 3 5 0 5 3 5 0 5 3 5 0 5 3 5 0 5 3 5 0 5 3 5 0 5 3 5 0 5 3 5 0 5 3 5 0 5 3 5 0 5 3 5 0 5 3 5 0 0 0
5 3 5 0 5 3 5 0 5 3 5 0 5 3 5 0 5 3 5 0 5 3 5 0 5 3 5 0 5 3 5 0 5 3 5 0 5 3 5 0 5 3 5 0 5 3 5 0 0 0
5 3 5 0 5 3 5 0 5 3 5 0 5 3 5 0 5 3 5 0 5 3 5 0 5 3 5 0 5 3 5 0 5 3 5 0 5 3 5 0 5 3 5 0 5 3 5 0 0 0
5 3 5 0 5 3 5 0 5 3 5 0 5 3 5 0 5 3 5 0 5 3 5 0 5 3 5 0 5 3 5 0 5 3 5 0 5 3 5 0 5 3 5 0 5 3 5 0 0 0
5 3 5 0 5 3 5 0 5 3 5 0 5 3 5 0 5 3 5 0 5 3 5 0 5 3 5 0 5 3 5 0 5 3 5 0 5 3 5 0 5 3 5 0 5 3 5 0 0 0
5 3 5 0 5 3 5 0 5 3 5 0 5 3 5 0 5 3 5 0 5 3 5 0 5 3 5 0 5 3 5 0 5 3 5 0 5 3 5 0 5 3 5 0 5 3 5 0 0 0
5 3 5 0 5 3 5 0 5 3 5 0 5 3 5 0 5 3 5 0 5 3 5 0 5 3 5 0 5 3 5 0 5 3 5 0 5 3 5 0 5 3 5 0 5 3 5 0 0 0
5 3 5 0 5 3 5 0 5 3 5 0 5 3 5 0 5 3 5 0 5 3 5 0 5 3 5 0 5 3 5 0 5 3 5 0 5 3 5 0 5 3 5 0 5 3 5 0 0 0
5 3 5 0 5 3 5 0 5 3 5 0 5 3 5 0 5 3 5 0 5 3 5 0 5 3 5 0 5 3 5 0 5 3 5 0 5 3 5 0 5 3 5 0 5 3 5 0 0 0
5 3 5 0 5 3 5 0 5 3 5 0 5 3 5 0 5 3 5 0 5 3 5 0 5 3 5 0 5 3 5 0 5 3 5 0 5 3 5 0 5 3 5 0 5 3 5 0 0 0
5 3 5 0 5 3 5 0 5 3 5 0 5 3 5 0 5 3 5 0 5 3 5 0 5 3 5 0 5 3 5 0 5 3 5 0 5 3 5 0 5 3 5 0 5 3 5 0 0 0
5 3 5 0 5 3 5 0 5 3 5 0 5 3 5 0 5 3 5 0 5 3 5 0 5 3 5 0 5 3 5 0 5 3 5 0 5 3 5 0 5 3 5 0 5 3 5 0 0 0
5 3 5 0 5 3 5 0 5 3 5 0 5 3 5 0 5 3 5 0 5 3 5 0 5 3 5 0 5 3 5 0 5 3 5 0 5 3 5 0 5 3 5 0 5 3 5 0 0 0
5 3 5 0 5 3 5 0 5 3 5 0 5 3 5 0 5 3 5 0 5 3 5 0 5 3 5 0 5 3 5 0 5 3 5 0 5 3 5 0 5 3 5 0 5 3 5 0 0 0
5 3 5 0 5 3 5 0 5 3 5 0 5 3 5 0 5 3 5 0 5 3 5 0 5 3 5 0 5 3 5 0 5 3 5 0 5 3 5 0 5 3 5 0 5 3 5 0 0 0
5 3 5 0 5 3 5 0 5 3 5 0 5 3 5 0 5 3 5 0 5 3 5 0 5 3 5 0 5 3 5 0 5 3 5 0 5 3 5 0 5 3 5 0 5 3 5 0 0 0
5 3 5 0 5 3 5 0 5 3 5 0 5 3 5 0 5 3 5 0 5 3 5 0 5 3 5 0 5 3 5 0 5 3 5 0 5 3 5 0 5 3 5 0 5 3 5 0 0 0
5 3 5 0 5 3 5 0 5 3 5 0 5 3 5 0 5 3 5 0 5 3 5 0 5 3 5 0 5 3 5 0 5 3 5 0 5 3 5 0 5 3 5 0 5 3 5 0 0 0
5 3 5 0 5 3 5 0 5 3 5 0 5 3 5 0 5 3 5 0 5 3 5 0 5 3 5 0 5 3 5 0 5 3 5 0 5 3 5 0 5 3 5 0 5 3 5 0 0 0
5 3 5 0 5 3 5 0 5 3 5 0 5 3 5 0 5 3 5 0 5 3 5 0 5 3 5 0 5 3 5 0 5 3 5 0 5 3 5 0 5 3 5 0 5 3 5 0 0 0
5 3 5 0 5 3 5 0 5 3 5 0 5 3 5 0 5 3 5 0 5 3 5 0 5 3 5 0 5 3 5 0 5 3 5 0 5 3 5 0 5 3 5 0 5 3 5 0 0 0
5 3 5 0 5 3 5 0 5 3 5 0 5 3 5 0 5 3 5 0 5 3 5 0 5 3 5 0 5 3 5 0 5 3 5 0 5 3 5 0 5 3 5 0 5 3 5 0 0 0
5 3 5 0 5 3 5 0 5 3 5 0 5 3 5 0 5 3 5 0 5 3 5 0 5 3 5 0 5 3 5 0 5 3 5 0 5 3 5 0 5 3 5 0 5 3 5 0 0 0
5 3 5 0 5 3 5 0 5 3 5 0 5 3 5 0 5 3 5 0 5 3 5 0 5 3 5 0 5 3 5 0 5 3 5 0 5 3 5 0 5 3 5 0 5 3 5 0 0 0
5 3 5 0 5 3 5 0 5 3 5 0 5 3 5 0 5 3 5 0 5 3 5 0 5 3 5 0 5 3 5 0 5 3 5 0 5 3 5 0 5 3 5 0 5 3 5 0 0 0
5 3 5 0 5 3 5 0 5 3 5 0 5 3 5 0 5 3 5 0 5 3 5 0 5 3 5 0 5 3 5 0 5 3 5 0 5 3 5 0 5 3 5 0 5 3 5 0 0 0
5 3 5 0 5 3 5 0 5 3 5 0 5 3 5 0 5 3 5 0 5 3 5 0 5 3 5 0 5 3 5 0 5 3 5 0 5 3 5 0 5 3 5 0 5 3 5 0 0 0
5 3 5 0 5 3 5 5 5 3 5 0 5 3 5 5 5 3 5 0 5 3 5 5 5 3 5 0 5 3 5 5 5 3 5 0 5 3 5 5 5 3 5 0 5 3 5 5 0 0
5 3 5 0 5 3 3 3 3 3 5 0 5 3 3 3 3 3 5 0 5 3 3 3 3 3 5 0 5 3 3 3 3 3 5 0 5 3 3 3 3 3 5 0 5 3 3 3 5 0
5 5 5 0 5 5 5 5 5 5 5 0 5 5 5 5 5 5 5 0 5 5 5 5 5 5 5 0 5 5 5 5 5 5 5 0 5 5 5 5 5 5 5 0 5 5 5 5 0 0
50 50
5 5 5 5 5 5 5 0 5 5 5 5 5 5 5 0 5 5 5 5 5 5 5 0 5 5 5 5 5 5 5 0 5 5 5 5 5 5 5 0 5 5 5 5 5 5 5 0 0 0
5 3 3 3 3 3 5 0 5 3 3 3 3 3 5 0 5 3 3 3 3 3 5 0 5 3 3 3 3 3 5 0 5 3 3 3 3 3 5 0 5 3 3 3 3 3 5 0 0 0
5 3 5 5 5 3 5 0 5 3 5 5 5 3 5 0 5 3 5 5 5 3 5 0 5 3 5 5 5 3 5 0 5 3 5 5 5 3 5 0 5 3 5 5 5 3 5 0 0 0
5 3 5 0 5 3 5 0 5 3 5 0 5 3 5 0 5 3 5 0 5 3 5 0 5 3 5 0 5 3 5 0 5 3 5 0 5 3 5 0 5 3 5 0 5 3 5 0 0 0
5 3 5 0 5 3 5 0 5 3 5 0 5 3 5 0 5 3 5 0 5 3 5 0 5 3 5 0 5 3 5 0 5 3 5 0 5 3 5 0 5 3 5 0 5 3 5 0 0 0
5 3 5 0 5 3 5 0 5 3 5 0 5 3 5 0 5 3 5 0 5 3 5 0 5 3 5 0 5 3 5 0 5 3 5 0 5 3 5 0 5 3 5 0 5 3 5 0 0 0
5 3 5 0 5 3 5 0 5 3 5 0 5 3 5 0 5 3 5 0 5 3 5 0 5 3 5 0 5 3 5 0 5 3 5 0 5 3 5 0 5 3 5 0 5 3 5 0 0 0
5 3 5 0 5 3 5 0 5 3 5 0 5 3 5 0 4 3 5 0 5 3 5 0 5 3 5 0 5 3 5 0 5 3 5 0 5 3 5 0 5 3 5 0 5 3 5 0 0 0
5 3 5 0 5 3 5 0 5 3 5 0 5 3 5 0 5 3 5 0 5 3 5 0 5 3 5 0 5 3 5 0 5 3 5 0 5 3 5 0 5 3 5 0 5 3 5 0 0 0
5 3 5 0 5 3 5 0 5 3 5 0 5 3 5 0 5 3 5 0 5 3 5 0 5 3 5 0 5 3 5 0 5 3 5 0 5 3 5 0 5 3 5 0 5 3 5 0 0 0
5 3 5 0 5 3 5 0 5 3 5 0 5 3 5 0 5 3 5 0 5 3 5 0 5 3 5 0 5 3 5 0 5 3 5 0 5 3 5 0 5 3 5 0 5 3 5 0 0 0
5 3 5 0 5 3 5 0 5 3 5 0 5 3 5 0 5 3 5 0 5 3 5 0 5 3 5 0 5 3 5 0 5 3 5 0 5 3 5 0 5 3 5 0 5 3 5 0 0 0
5 3 5 0 5 3 5 0 5 3 5 0 5 3 5 0 5 3 5 0 5 3 5 0 5 3 5 0 5 3 5 0 5 3 5 0 5 3 5 0 5 3 5 0 5 3 5 0 0 0
5 3 5 0 5 3 5 0 5 3 5 0 5 3 5 0 5 3 5 0 5 3 5 0 5 3 5 0 5 3 5 0 5 3 5 0 5 3 5 0 5 3 5 0 5 3 5 0 0 0
5 3 5 0 5 3 5 0 5 3 5 0 5 3 5 0 5 3 5 0 5 3 5 0 5 3 5 0 5 3 5 0 5 3 5 0 5 3 5 0 5 3 5 0 5 3 5 0 0 0
5 3 5 0 5 3 5 0 5 3 5 0 5 3 5 0 5 3 5 0 5 3 5 0 5 3 5 0 5 3 5 0 5 3 5 0 5 3 5 0 5 3 5 0 5 3 5 0 0 0
5 3 5 0 5 3 5 0 5 3 5 0 5 3 5 0 5 3 5 0 5 3 5 0 5 3 5 0 5 3 5 0 5 3 5 0 5 3 5 0 5 3 5 0 5 3 5 0 0 0
5 3 5 0 5 3 5 0 5 3 5 0 5 3 5 0 5 3 5 0 5 3 5 0 5 3 5 0 5 3 5 0 5 3 5 0 5 3 5 0 5 3 5 0 5 3 5 0 0 0
5 3 5 0 5 3 5 0 5 3 5 0 5 3 5 0 5 3 5 0 5 3 5 0 5 3 5 0 5 3 5 0 5 3 5 0 5 3 5 0 5 3 5 0 5 3 5 0 0 0
5 3 5 0 5 3 5 0 5 3 5 0 5 3 5 0 5 3 5 0 5 3 5 0 5 3 5 0 5 3 5 0 5 3 5 0 5 3 5 0 5 3 5 0 5 3 5 0 0 0
5 3 5 0 5 3 5 0 5 3 5 0 5 3 5 0 5 3 5 0 5 3 5 0 5 3 5 0 5 3 5 0 5 3 5 0 5 3 5 0 5 3 5 0 5 3 5 0 0 0
5 3 5 0 5 3 5 0 5 3 5 0 5 3 5 0 5 3 5 0 5 3 5 0 5 3 5 0 5 3 5 0 5 3 5 0 5 3 5 0 5 3 5 0 5 3 5 0 0 0
5 3 5 0 5 3 5 0 5 3 5 0 5 3 5 0 5 3 5 0 5 3 5 0 5 3 5 0 5 3 5 0 5 3 5 0 5 3 5 0 5 3 5 0 5 3 5 0 0 0
5 3 5 0 5 3 5 0 5 3 5 0 5 3 5 0 5 3 5 0 5 3 5 0 5 3 5 0 5 3 5 0 5 3 5 0 5 3 5 0 5 3 5 0 5 3 5 0 0 0
5 3 5 0 5 3 5 0 5 3 5 0 5 3 5 0 5 3 5 0 5 3 5 0 5 3 5 0 5 3 5 0 5 3 5 0 5 3 5 0 5 3 5 0 5 3 5 0 0 0
5 3 5 0 5 3 5 0 5 3 5 0 5 3 5 0 5 3 5 0 5 3 5 0 5 3 5 0 5 3 5 0 5 3 5 0 5 3 5 0 5 3 5 0 5 3 5 0 0 0
5 3 5 0 5 3 5 0 5 3 5 0 5 3 5 0 5 3 5 0 5 3 5 0 5 3 5 0 5 3 5 0 5 3 5 0 5 3 5 0 5 3 5 0 5 3 5 0 0 0
5 3 5 0 5 3 5 0 5 3 5 0 5 3 5 0 5 3 5 0 5 3 5 0 5 3 5 0 5 3 5 0 5 3 5 0 5 3 5 0 5 3 5 0 5 3 5 0 0 0
5 3 5 0 5 3 5 0 5 3 5 0 5 3 5 0 5 3 5 0 5 3 5 0 5 3 5 0 5 3 5 0 5 3 5 0 5 3 5 0 5 3 5 0 5 3 5 0 0 0
5 3 5 0 5 3 5 0 5 3 5 0 5 3 5 0 5 3 5 0 5 3 5 0 5 3 5 0 5 3 5 0 5 3 5 0 5 3 5 0 5 3 5 0 5 3 5 0 0 0
5 3 5 0 5 3 5 0 5 3 5 0 5 3 5 0 5 3 5 0 5 3 5 0 5 3 5 0 5 3 5 0 5 3 5 0 5 3 5 0 5 3 5 0 5 3 5 0 0 0
5 3 5 0 5 3 5 0 5 3 5 0 5 3 5 0 5 3 5 0 5 3 5 0 5 3 5 0 5 3 5 0 5 3 5 0 5 3 5 0 5 3 5 0 5 3 5 0 0 0
5 3 5 0 5 3 5 0 5 3 5 0 5 3 5 0 5 3 5 0 5 3 5 0 5 3 5 0 5 3 5 0 5 3 5 0 5 3 5 0 5 3 5 0 5 3 5 0 0 0
5 3 5 0 5 3 5 0 5 3 5 0 5 3 5 0 5 3 5 0 5 3 5 0 5 3 5 0 5 3 5 0 5 3 5 0 5 3 5 0 5 3 5 0 5 3 5 0 0 0
5 3 5 0 5 3 5 0 5 3 5 0 5 3 5 0 5 3 5 0 5 3 5 0 5 3 5 0 5 3 5 0 5 3 5 0 5 3 5 0 5 3 5 0 5 3 5 0 0 0
5 3 5 0 5 3 5 0 5 3 5 0 5 3 5 0 5 3 5 0 5 3 5 0 5 3 5 0 5 3 5 0 5 3 5 0 5 3 5 0 5 3 5 0 5 3 5 0 0 0
5 3 5 0 5 3 5 0 5 3 5 0 5 3 5 0 5 3 5 0 5 3 5 0 5 3 5 0 5 3 5 0 5 3 5 0 5 3 5 0 5 3 5 0 5 3 5 0 0 0
5 3 5 0 5 3 5 0 5 3 5 0 5 3 5 0 5 3 5 0 5 3 5 0 5 3 5 0 5 3 5 0 5 3 5 0 5 3 5 0 5 3 5 0 5 3 5 0 0 0
5 3 5 0 5 3 5 0 5 3 5 0 5 3 5 0 5 3 5 0 5 3 5 0 5 3 5 0 5 3 5 0 5 3 5 0 5 3 5 0 5 3 5 0 5 3 5 0 0 0
5 3 5 0 5 3 5 0 5 3 5 0 5 3 5 0 5 3 5 0 5 3 5 0 5 3 5 0 5 3 5 0 5 3 5 0 5 3 5 0 5 3 5 0 5 3 5 0 0 0
5 3 5 0 5 3 5 0 5 3 5 0 5 3 5 0 5 3 5 0 5 3 5 0 5 3 5 0 5 3 5 0 5 3 5 0 5 3 5 0 5 3 5 0 5 3 5 0 0 0
5 3 5 0 5 3 5 0 5 3 5 0 5 3 5 0 5 3 5 0 5 3 5 0 5 3 5 0 5 3 5 0 5 3 5 0 5 3 5 0 5 3 5 0 5 3 5 0 0 0
5 3 5 0 5 3 5 0 5 3 5 0 5 3 5 0 5 3 5 0 5 3 5 0 5 3 5 0 5 3 5 0 5 3 5 0 5 3 5 0 5 3 5 0 5 3 5 0 0 0
5 3 5 0 5 3 5 0 5 3 5 0 5 3 5 0 5 3 5 0 5 3 5 0 5 3 5 0 5 3 5 0 5 3 5 0 5 3 5 0 5 3 5 0 5 3 5 0 0 0
5 3 5 0 5 3 5 0 5 3 5 0 5 3 5 0 5 3 5 0 5 3 5 0 5 3 5 0 5 3 5 0 5 3 5 0 5 3 5 0 5 3 5 0 5 3 5 0 0 0
5 3 5 0 5 3 5 0 5 3 5 0 5 3 5 0 5 3 5 0 5 3 5 0 5 3 5 0 5 3 5 0 5 3 5 0 5 3 5 0 5 3 5 0 5 3 5 0 0 0
5 3 5 0 5 3 5 0 5 3 5 0 5 3 5 0 5 3 5 0 5 3 5 0 5 3 5 0 5 3 5 0 5 3 5 0 5 3 5 0 5 3 5 0 5 3 5 0 0 0
5 3 5 0 5 3 5 5 5 3 5 0 5 3 5 5 5 3 5 0 5 3 5 5 5 3 5 0 5 3 5 5 5 3 5 0 5 3 5 5 5 3 5 0 5 3 5 5 0 0
5 3 5 0 5 3 3 3 3 3 5 0 5 3 3 3 3 3 5 0 5 3 3 3 3 3 5 0 5 3 3 3 3 3 5 0 5 3 3 3 3 3 5 0 5 3 3 3 5 0
5 5 5 0 5 5 5 5 5 5 5 0 5 5 5 5 5 5 5 0 5 5 5 5 5 5 5 0 5 5 5 5 5 5 5 0 5 5 5 5 5 5 5 0 5 5 5 5 0 0
50 50
5 5 5 5 5 5 5 0 5 5 5 5 5 5 5 0 5 5 5 5 5 5 5 0 5 5 5 5 5 5 5 0 5 5 5 5 5 5 5 0 5 5 5 5 5 5 5 0 0 0
5 3 3 3 3 3 5 0 5 3 3 3 3 3 5 0 5 3 3 3 3 3 5 0 5 3 3 3 3 3 5 0 5 3 3 3 3 3 5 0 5 3 3 3 3 3 5 0 0 0
5 3 5 5 5 3 5 0 5 3 5 5 5 3 5 0 5 3 5 5 5 3 5 0 5 3 5 5 5 3 5 0 5 3 5 5 5 3 5 0 5 3 5 5 5 3 5 0 0 0
5 3 5 0 5 3 5 0 5 3 5 0 5 3 5 0 5 3 5 0 5 3 5 0 5 3 5 0 5 3 5 0 5 3 5 0 5 3 5 0 5 3 5 0 5 3 5 0 0 0
5 3 5 0 5 3 5 0 5 3 5 0 5 3 5 0 5 3 5 0 5 3 5 0 5 3 5 0 5 3 5 0 5 3 5 0 5 3 5 0 5 3 5 0 5 3 5 0 0 0
5 3 5 0 5 3 5 0 5 3 5 0 5 3 5 0 5 3 5 0 5 3 5 0 5 3 5 0 5 3 5 0 5 3 5 0 5 3 5 0 5 3 5 0 5 3 5 0 0 0
5 3 5 0 5 3 5 0 5 3 5 0 5 3 5 0 5 3 5 0 5 3 5 0 5 3 5 0 5 3 5 0 5 3 5 0 5 3 5 0 5 3 5 0 5 3 5 0 0 0
5 3 5 0 5 3 5 0 5 3 5 0 5 3 5 0 5 3 5 0 5 3 5 0 5 3 5 0 5 3 5 0 5 3 5 0 5 3 5 0 5 3 5 0 5 3 5 0 0 0
5 3 5 0 5 3 5 0 5 3 5 0 5 3 5 0 5 3 5 0 5 3 5 0 5 3 5 0 5 3 5 0 5 3 5 0 5 3 5 0 5 3 5 0 5 3 5 0 0 0
5 3 5 0 5 3 5 0 5 3 5 0 5 3 5 0 5 3 5 0 5 3 5 0 5 3 5 0 5 3 5 0 5 3 5 0 5 3 5 0 5 3 5 0 5 3 5 0 0 0
5 3 5 0 5 3 5 0 5 3 5 0 5 3 5 0 5 3 5 0 5 3 5 0 5 3 5 0 5 3 5 0 5 3 5 0 5 3 5 0 5 3 5 0 5 3 5 0 0 0
5 3 5 0 5 3 5 0 5 3 5 0 5 3 5 0 5 3 5 0 5 3 5 0 5 3 5 0 5 3 5 0 5 3 5 0 5 3 5 0 5 3 5 0 5 3 5 0 0 0
5 3 5 0 5 3 5 0 5 3 5 0 5 3 5 0 5 3 5 0 5 3 5 0 5 3 5 0 5 3 5 0 5 3 5 0 5 3 5 0 5 3 5 0 5 3 5 0 0 0
5 3 5 0 5 3 5 0 5 3 5 0 5 3 5 0 5 3 5 0 5 3 5 0 5 3 5 0 5 3 5 0 5 3 5 0 5 3 5 0 5 3 5 0 5 3 5 0 0 0
5 3 5 0 5 3 5 0 5 3 5 0 5 3 5 0 5 3 5 0 5 3 5 0 5 3 5 0 5 3 5 0 5 3 5 0 5 3 5 0 5 3 5 0 5 3 5 0 0 0
5 3 5 0 5 3 5 0 5 3 5 0 5 3 5 0 5 3 5 0 5 3 5 0 5 3 5 0 5 3 5 0 5 3 5 0 5 3 5 0 5 3 5 0 5 3 5 0 0 0
5 3 5 0 5 3 5 0 5 3 5 0 5 3 5 0 5 3 5 0 5 3 5 0 5 3 5 0 5 3 5 0 5 3 5 0 5 3 5 0 5 3 5 0 5 3 5 0 0 0
5 3 5 0 5 3 5 0 5 3 5 0 5 3 5 0 5 3 5 0 5 3 5 0 5 3 5 0 5 3 5 0 5 3 5 0 5 3 5 0 5 3 5 0 5 3 5 0 0 0
5 3 5 0 5 3 5 0 5 3 5 0 5 3 5 0 5 3 5 0 5 3 5 0 5 3 5 0 5 3 5 0 5 3 5 0 5 3 5 0 5 3 5 0 5 3 5 0 0 0
5 3 5 0 5 3 5 0 5 3 5 0 5 3 5 0 5 3 5 0 5 3 5 0 5 3 5 0 5 3 5 0 5 3 5 0 5 3 5 0 5 3 5 0 5 3 5 0 0 0
5 3 5 0 5 3 5 0 5 3 5 0 5 3 5 0 5 3 5 0 5 3 5 0 5 3 5 0 5 3 5 0 5 3 5 0 5 3 5 0 5 3 5 0 5 3 5 0 0 0
5 3 5 0 5 3 5 0 5 3 5 0 5 3 5 0 5 3 5 0 5 3 5 0 5 3 5 0 5 3 5 0 5 3 5 0 5 3 5 0 5 3 5 0 5 3 5 0 0 0
5 3 5 0 5 3 5 0 5 3 5 0 5 3 5 0 5 3 5 0 5 3 5 0 5 3 5 0 5 3 5 0 5 3 5 0 5 3 5 0 5 3 5 0 5 3 5 0 0 0
5 3 5 0 5 3 5 0 5 3 5 0 5 3 5 0 5 3 5 0 5 3 5 0 5 3 5 0 5 3 5 0 5 3 5 0 5 3 5 0 5 3 5 0 5 3 5 0 0 0
5 3 5 0 5 3 5 0 5 3 5 0 5 3 5 0 5 3 5 0 5 3 5 0 5 3 5 0 5 3 5 0 5 3 5 0 5 3 5 0 5 3 5 0 5 3 5 0 0 0
5 3 5 0 5 3 5 0 5 3 5 0 5 3 5 0 5 3 5 0 5 3 5 0 5 3 5 0 5 3 5 0 5 3 5 0 5 3 5 0 5 3 5 0 5 3 5 0 0 0
5 3 5 0 5 3 5 0 5 3 5 0 5 3 5 0 5 3 5 0 5 3 5 0 5 3 5 0 5 3 5 0 5 3 5 0 5 3 5 0 5 3 5 0 5 3 5 0 0 0
5 3 5 0 5 3 5 0 5 3 5 0 5 3 5 0 5 3 5 0 5 3 5 0 5 3 5 0 5 3 5 0 5 3 5 0 5 3 5 0 5 3 5 0 5 3 5 0 0 0
5 3 5 0 5 3 5 0 5 3 5 0 5 3 5 0 5 3 5 0 5 3 5 0 5 3 5 0 5 3 5 0 5 3 5 0 5 3 5 0 5 3 5 0 5 3 5 0 0 0
5 3 5 0 5 3 5 0 5 3 5 0 5 3 5 0 5 3 5 0 5 3 5 0 5 3 5 0 5 3 5 0 5 3 5 0 5 3 5 0 5 3 5 0 5 3 5 0 0 0
5 3 5 0 5 3 5 0 5 3 5 0 5 3 5 0 5 3 5 0 5 3 5 0 5 3 5 0 5 3 5 0 5 3 5 0 5 3 5 0 5 3 5 0 5 3 5 0 0 0
5 3 5 0 5 3 5 0 5 3 5 0 5 3 5 0 5 3 5 0 5 3 5 0 5 3 5 0 5 3 5 0 5 3 5 0 5 3 5 0 5 3 5 0 5 3 5 0 0 0
5 3 5 0 5 3 5 0 5 3 5 0 5 3 5 0 5 3 5 0 5 3 5 0 5 3 5 0 5 3 5 0 5 3 5 0 5 3 5 0 5 3 5 0 5 3 5 0 0 0
5 3 5 0 5 3 5 0 5 3 5 0 5 3 5 0 5 3 5 0 5 3 5 0 5 3 5 0 5 3 5 0 5 3 5 0 5 3 5 0 5 3 5 0 5 3 5 0 0 0
5 3 5 0 5 3 5 0 5 3 5 0 5 3 5 0 5 3 5 0 5 3 5 0 5 3 5 0 5 3 5 0 5 3 5 0 5 3 5 0 5 3 5 0 5 3 5 0 0 0
5 3 5 0 5 3 5 0 5 3 5 0 5 3 5 0 5 3 5 0 5 3 5 0 5 3 5 0 5 3 5 0 5 3 5 0 5 3 5 0 5 3 5 0 5 3 5 0 0 0
5 3 5 0 5 3 5 0 5 3 5 0 5 3 5 0 5 3 5 0 5 3 5 0 5 3 5 0 5 3 5 0 5 3 5 0 5 3 5 0 5 3 5 0 5 3 5 0 0 0
5 3 5 0 5 3 5 0 5 3 5 0 5 3 5 0 5 3 5 0 5 3 5 0 5 3 5 0 5 3 5 0 5 3 5 0 5 3 5 0 5 3 5 0 5 3 5 0 0 0
5 3 5 0 5 3 5 0 5 3 5 0 5 3 5 0 5 3 5 0 5 3 5 0 5 3 5 0 5 3 5 0 5 3 5 0 5 3 5 0 5 3 5 0 5 3 5 0 0 0
5 3 5 0 5 3 5 0 5 3 5 0 5 3 5 0 5 3 5 0 5 3 5 0 5 3 5 0 5 3 5 0 5 3 5 0 5 3 5 0 5 3 5 0 5 3 5 0 0 0
5 3 5 0 5 3 5 0 5 3 5 0 5 3 5 0 5 3 5 0 5 3 5 0 5 3 5 0 5 3 5 0 5 3 5 0 5 3 5 0 5 3 5 0 5 3 5 0 0 0
5 3 5 0 5 3 5 0 5 3 5 0 5 3 5 0 5 3 5 0 5 3 5 0 5 3 5 0 5 3 5 0 5 3 5 0 5 3 5 0 5 3 5 0 5 3 5 0 0 0
5 3 5 0 5 3 5 0 5 3 5 0 5 3 5 0 5 3 5 0 5 3 5 0 5 3 5 0 5 3 5 0 5 3 5 0 5 3 5 0 5 3 5 0 5 3 5 0 0 0
5 3 5 0 5 3 5 0 5 3 5 0 5 3 5 0 5 3 5 0 5 3 5 0 5 3 5 0 5 3 5 0 5 3 5 0 5 3 5 0 5 3 5 0 5 3 5 0 0 0
5 3 5 0 5 3 5 0 5 3 5 0 5 3 5 0 5 3 5 0 5 3 5 0 5 3 5 0 5 3 5 0 5 3 5 0 5 3 5 0 5 3 5 0 5 3 5 0 0 0
5 3 5 0 5 3 5 0 5 3 5 0 5 3 5 0 5 3 5 0 5 3 5 0 5 3 5 0 5 3 5 0 5 3 5 0 5 3 5 0 5 3 5 0 5 3 5 0 0 0
5 3 5 0 5 3 5 0 5 3 5 0 5 3 5 0 5 3 5 0 5 3 5 0 5 3 5 0 5 3 5 0 5 3 5 0 5 3 5 0 5 3 5 0 5 3 5 0 0 0
5 3 5 0 5 3 5 5 5 3 5 0 5 3 5 5 5 3 5 0 5 3 5 5 5 3 5 0 5 3 5 5 5 3 5 0 5 3 5 5 5 3 5 0 5 3 5 5 0 0
5 3 5 0 5 3 3 3 3 3 5 0 5 3 3 3 3 3 5 0 5 3 3 3 3 3 5 0 5 3 3 3 3 3 5 0 5 3 3 3 3 3 5 0 5 3 3 3 5 0
5 5 5 0 5 5 5 5 5 5 5 0 5 5 5 5 5 5 5 0 5 5 5 5 5 5 5 0 5 5 5 5 5 2 5 0 5 5 5 5 5 5 5 0 5 5 5 5 0 0
1 1
1
1 1
1000
3 3
1000 1000 1000
1000 333 1000
1000 1000 1000